style type cam label index    x      y     p_wt	sx	sy	s_wt	rad	r_wt area ecc
0  1 0 7 10   113.56558  191.47384    0.00000    43.49594   37.33584    1.33889    20.49026    0.00000  1319.00000    0.57754
0  1 0 0 1   185.31829  113.04117    0.00000    42.60691   36.35491    1.27155    20.05057    0.00000  1263.00000    0.54938
0  1 0 15 20   116.59919  274.32276    0.00000    41.47091   36.40644    1.36697    19.78689    0.00000  1230.00000    0.62687
0  1 0 34 40   123.04215  440.06364    0.00000    41.18170   36.07998    1.45081    19.62537    0.00000  1210.00000    0.62974
0  1 0 22 30   119.64505  356.93599    0.00000    40.99363   35.97409    1.42466    19.56852    0.00000  1203.00000    0.62421
0  1 0 8 11   188.46805  194.08031    0.00000    40.69042   34.81400    1.33702    19.19903    0.00000  1158.00000    0.55601
0  1 0 1 2   255.74644  116.83363    0.00000    40.55926   33.91023    1.31344    18.91508    0.00000  1124.00000    0.50817
0  1 0 16 21   191.70089  275.48036    0.00000    40.04994   34.22236    1.36673    18.88140    0.00000  1120.00000    0.55899
0  1 0 23 31   194.87114  356.82668    0.00000    39.64858   34.01982    1.41037    18.72905    0.00000  1102.00000    0.57174
0  1 0 32 41   198.31028  438.78071    0.00000    39.70803   33.90663    1.45640    18.70354    0.00000  1099.00000    0.56755
0  1 0 9 12   259.02526  196.36857    3.00000    39.39346   33.16445    1.34152    18.44650    0.00000  1069.00000    0.52521
0  1 0 2 3   324.16042  120.17963    0.00000    39.39566   32.35964    1.31985    18.20331    0.00000  1041.00000    0.48473
0  1 0 17 22   262.36741  276.73963    3.00000    38.87284   32.64358    1.37810    18.16831    0.00000  1037.00000    0.53007
0  1 0 33 42   269.28824  437.51863    0.00000    38.20249   32.64848    1.45490    18.01877    0.00000  1020.00000    0.56815
0  1 0 24 32   265.76621  356.89096    0.00000    38.53567   32.25422    1.43529    18.00110    0.00000  1018.00000    0.51632
0  1 0 10 13   327.72205  198.40584    3.00000    38.59345   31.50662    1.36133    17.77869    0.00000   993.00000    0.47713
0  1 0 3 4   390.53340  123.49949    0.00000    38.47142   30.90673    1.31700    17.59874    0.00000   973.00000    0.43817
0  1 0 18 23   331.15305  277.66598    3.00000    37.69134   31.24288    1.39383    17.54439    0.00000   967.00000    0.48980
0  1 0 31 43   338.46395  436.23824    0.00000    37.56743   31.10018    1.48781    17.45344    0.00000   957.00000    0.50169
0  1 0 4 5   455.01728  126.60475    0.00000    37.79610   29.85672    1.32930    17.16843    0.00000   926.00000    0.40316
0  1 0 27 34   401.76957  356.66555    0.00000    36.70814   29.70215    1.43988    16.86917    0.00000   894.00000    0.45784
0  1 0 5 6   517.55281  129.70899    0.00000    37.45510   28.97798    1.34867    16.83139    0.00000   890.00000    0.37343
0  1 0 11 15   458.99774  202.67232    5.00000    36.93093   29.21430    1.36476    16.78405    0.00000   885.00000    0.41352
0  1 0 6 7   578.31922  132.61556    0.00000    37.09362   28.73385    1.34074    16.67941    0.00000   874.00000    0.37892
0  1 0 30 45   470.60702  433.38480    0.00000    35.98189   28.91695    1.47274    16.49712    0.00000   855.00000    0.44258
0  1 0 12 16   521.67409  204.70106    5.00000    36.54163   28.44410    1.36797    16.47781    0.00000   853.00000    0.38629
0  1 0 19 25   462.78169  279.60563    5.00000    36.18629   28.63978    1.40112    16.46815    0.00000   852.00000    0.41128
0  1 0 13 17   582.56159  206.66063    0.00000    36.43068   27.68847    1.38657    16.23455    0.00000   828.00000    0.34899
0  1 0 20 26   525.77778  280.51526    5.00000    35.69751   27.85730    1.40236    16.14608    0.00000   819.00000    0.38394
0  1 0 29 46   533.70538  431.89487    0.00000    35.54124   27.99252    1.49399    16.13622    0.00000   818.00000    0.40740
0  1 0 25 36   529.66914  356.01481    0.00000    35.75016   27.59549    1.44617    16.05712    0.00000   810.00000    0.37634
0  1 0 21 27   586.54831  281.35006    0.00000    35.50149   27.22748    1.41591    15.92774    0.00000   797.00000    0.35397
0  1 0 26 37   590.63728  355.59446    0.00000    35.53405   27.06965    1.44695    15.89774    0.00000   794.00000    0.34167
0  1 0 28 47   594.68687  430.39520    0.00000    35.35871   27.12900    1.47946    15.87770    0.00000   792.00000    0.35283
