style type cam label index    x      y     p_wt	sx	sy	s_wt	rad	r_wt area ecc
0  1 1 10 16   375.69691  191.58301    5.00000    39.22951   32.25723   -1.36662    18.15954    0.00000  1036.00000    0.47834
0  1 1 17 26   372.22088  272.92169    5.00000    38.28161   31.73348   -1.39255    17.80552    0.00000   996.00000    0.49390
0  1 1 11 15   307.11927  193.62487    5.00000    38.34481   31.24401   -1.34817    17.67094    0.00000   981.00000    0.46668
0  1 1 32 46   364.92762  435.56881    0.00000    37.91955   31.56936   -1.46749    17.67094    0.00000   981.00000    0.50888
0  1 1 25 36   368.64417  354.04090    0.00000    38.25815   31.18795   -1.44819    17.64390    0.00000   978.00000    0.46537
0  1 1 18 25   303.52090  273.89603    5.00000    37.22153   30.58683   -1.40844    17.23320    0.00000   933.00000    0.48784
0  1 1 31 45   296.07918  434.20499    0.00000    37.11224   30.33292   -1.48371    17.13131    0.00000   922.00000    0.48114
0  1 1 12 13   175.88755  197.76419    3.00000    37.62714   29.66034   -1.36760    17.07548    0.00000   916.00000    0.40118
0  1 1 13 12   113.39956  199.78135    3.00000    37.72772   29.07924   -1.38042    16.93509    0.00000   901.00000    0.36491
0  1 1 27 34   232.89183  353.66168    0.00000    36.46525   29.00243   -1.43593    16.63164    0.00000   869.00000    0.42096
0  1 1 20 23   171.93503  275.66241    3.00000    36.86501   28.51789   -1.42403    16.56451    0.00000   862.00000    0.38100
0  1 1 19 22   109.32172  276.34727    3.00000    36.74414   28.58756   -1.41601    16.55490    0.00000   861.00000    0.38999
0  1 1 30 43   164.24224  431.28878    0.00000    36.09727   28.25736   -1.46743    16.33229    0.00000   838.00000    0.39723
0  1 1 24 32   105.24217  352.74940    0.00000    36.17057   27.94765   -1.42676    16.25414    0.00000   830.00000    0.37769
0  1 1 29 42   101.35732  429.58049    0.00000    35.80344   27.77387   -1.46023    16.15593    0.00000   820.00000    0.37036
