style type cam label index    x      y     p_wt	sx	sy	s_wt	rad	r_wt area ecc
0  1 2 30 78   591.00984  220.72540    0.00000    39.73229   35.37864    0.14230    18.86453    0.00000  1118.00000    0.51271
0  1 2 37 87   511.46222  269.33072    0.00000    39.15189   32.23528    0.01540    18.00994    0.00000  1019.00000    0.39156
0  1 2 31 81    85.27677  240.30202    0.00000    38.04182   32.10129    0.13789    17.75181    0.00000   990.00000    0.45364
0  1 2 24 68   599.42751  163.62154    0.00000    37.68053   30.74413   -0.03744    17.27931    0.00000   938.00000    0.37773
0  1 2 9 51    87.07943   69.72144    0.00000    37.03837   30.52255    0.12516    17.10341    0.00000   919.00000    0.40672
0  1 2 6 47   543.32096   40.55895    0.00000    37.18787   30.33797   -0.04389    17.07548    0.00000   916.00000    0.38373
0  1 2 29 77   518.52418  214.60989    0.00000    37.29890   30.06726   -0.02354    17.01946    0.00000   910.00000    0.36216
0  1 2 25 71    85.99116  185.05967    0.00000    36.78403   30.14051    0.14451    16.97264    0.00000   905.00000    0.41068
0  1 2 5 46   467.65851   35.06340    0.00000    36.57783   30.18664   -0.01767    16.91628    0.00000   899.00000    0.41387
0  1 2 15 57   534.67079  100.39101    0.00000    36.80330   29.65705   -0.05410    16.83139    0.00000   890.00000    0.37586
0  1 2 18 61    86.65840  128.28072    0.00000    36.76041   29.59582    0.13355    16.80300    0.00000   887.00000    0.37454
0  1 2 4 45   391.88889   29.60884    0.00000    36.26813   29.85828    0.03547    16.75558    0.00000   882.00000    0.40770
0  1 2 10 52   161.61818   74.55455    0.00000    36.60396   29.44043    0.11438    16.73657    0.00000   880.00000    0.37673
0  1 2 23 67   526.43137  158.17416    0.00000    36.62370   29.09409   -0.01755    16.61249    0.00000   867.00000    0.34314
0  1 2 32 82   156.26620  244.76736    0.00000    36.34812   29.33428    0.13917    16.58372    0.00000   864.00000    0.36207
0  1 2 14 56   460.35075   95.05575    0.00000    35.93160   29.53921   -0.03844    16.55490    0.00000   861.00000    0.38946
0  1 2 11 53   236.31744   79.50116    8.00000    36.01250   29.26251    0.10079    16.54529    0.00000   860.00000    0.39124
0  1 2 36 86   440.01170  263.99415    0.00000    36.40251   28.83086    0.00456    16.49712    0.00000   855.00000    0.34079
0  1 2 12 54   311.13498   84.63263    8.00000    35.79906   29.17939    0.07461    16.46815    0.00000   852.00000    0.39424
0  1 2 19 62   159.81390  132.98233    0.00000    36.10624   28.80928    0.12295    16.43913    0.00000   849.00000    0.35911
0  1 2 13 55   385.93278   89.86557    8.00000    35.82707   29.08107    0.01992    16.42945    0.00000   848.00000    0.37738
0  1 2 26 72   157.97038  189.75355    0.00000    36.14065   28.63914    0.11448    16.39065    0.00000   844.00000    0.34537
0  1 2 22 66   453.43353  152.98922    0.00000    35.57995   28.77369   -0.00338    16.30303    0.00000   835.00000    0.37709
0  1 2 28 76   446.46587  209.49222    0.00000    36.10528   28.52947    0.00167    16.30303    0.00000   835.00000    0.31868
0  1 2 20 63   233.16667  137.86473    8.00000    35.64097   28.43799    0.07549    16.23455    0.00000   828.00000    0.36074
0  1 2 21 65   380.16829  147.83049    8.00000    35.42381   28.38474    0.02434    16.15593    0.00000   820.00000    0.36042
0  1 2 27 73   230.12515  194.50429    0.00000    35.63027   28.07367    0.08560    16.10660    0.00000   815.00000    0.32989
0  1 2 33 83   227.31611  249.44280   16.00000    35.62444   27.98488    0.08910    16.08683    0.00000   813.00000    0.32830
0  1 2 34 84   298.24090  254.25847   16.00000    35.31413   27.67818    0.06299    15.92774    0.00000   797.00000    0.32286
0  1 2 35 85   369.12171  259.06650   16.00000    35.62755   27.53304    0.02066    15.92774    0.00000   797.00000    0.29242
