style type cam label index    x      y     p_wt	sx	sy	s_wt	rad	r_wt area ecc
0  1 0 7 999   662.74351   40.24446    1.00000    45.03932   43.32158    1.21178    22.41899    0.00000  1579.00000    0.97523
0  1 0 6 999   571.55992   39.15271    1.00000    44.71532   42.84006    1.27060    22.22649    0.00000  1552.00000    0.96070
0  1 0 14 999   663.37840  132.88680    1.00000    44.59548   42.75823    1.13139    22.18349    0.00000  1546.00000    0.97368
0  1 0 13 999   572.66181  130.97022    1.00000    44.12037   42.30062    1.10294    21.93094    0.00000  1511.00000    0.98339
0  1 0 5 999   481.84794   38.13745    1.00000    44.30603   42.03043    1.30602    21.89463    0.00000  1506.00000    0.95123
0  1 0 23 999   664.33422  315.48003    1.00000    43.99466   42.12900    0.96811    21.86553    0.00000  1502.00000    0.99945
0  1 0 31 999   664.78923  404.92189    1.00000    43.94080   41.77021    0.87440    21.74144    0.00000  1485.00000    0.98037
0  1 0 4 999   393.61088   37.25306    1.00000    43.77531   41.40649    1.38986    21.63136    0.00000  1470.00000    0.93054
0  1 0 22 999   574.65099  312.07635    1.00000    43.77358   41.37715    0.97152    21.60927    0.00000  1467.00000    0.99410
0  1 0 17 999   484.73384  219.48143    1.00000    43.52124   41.15959    1.06762    21.51331    0.00000  1454.00000    0.96771
0  1 0 30 999   575.54990  400.81831    1.00000    43.63091   41.13527    0.91079    21.50591    0.00000  1453.00000    0.99194
0  1 0 12 999   395.48542  127.40278    1.00000    43.35565   40.87787    1.26887    21.40949    0.00000  1440.00000    0.93062
0  1 0 3 999   307.20474   36.53412    1.00000    43.60752   40.59566    1.41109    21.37973    0.00000  1436.00000    0.90424
0  1 0 29 999   487.72779  396.66714    1.00000    43.33460   40.40020    0.88009    21.24532    0.00000  1418.00000    0.98960
0  1 0 11 999   309.20115  125.82677    1.00000    43.13930   39.92510    1.31185    21.08741    0.00000  1397.00000    0.90739
0  1 0 21 999   399.34433  305.42826    1.00000    43.01077   39.95564    1.00996    21.06476    0.00000  1394.00000    0.97010
0  1 0 2 999   222.55155   36.01586    1.00000    43.08869   39.62904    1.38210    21.01180    0.00000  1387.00000    0.88462
0  1 0 28 999   401.46812  392.56957    1.00000    42.90736   39.57712    0.93066    20.95871    0.00000  1380.00000    0.97998
0  1 0 16 999   311.48611  214.45029    1.00000    42.97633   39.33290    1.20388    20.86739    0.00000  1368.00000    0.91976
0  1 0 10 999   224.80588  124.33235    1.00000    42.79072   39.22982    1.30623    20.80628    0.00000  1360.00000    0.89995
0  1 0 20 999   314.01254  302.06711    1.00000    42.76024   39.06526    1.07069    20.77566    0.00000  1356.00000    0.93796
0  1 0 1 999   139.55878   35.45610    1.00000    42.62439   38.90589    1.37682    20.68353    0.00000  1344.00000    0.88321
0  1 0 27 999   316.69724  388.41238    1.00000    42.63870   38.68624    1.02566    20.66043    0.00000  1341.00000    0.94121
0  1 0 9 999   142.28376  122.86343    1.00000    42.34235   38.27329    1.29639    20.48249    0.00000  1318.00000    0.86874
0  1 0 19 999   230.48162  298.73660    1.00000    42.06687   38.12174    1.10654    20.38903    0.00000  1306.00000    0.91058
0  1 0 0 999    58.62500   35.13117    1.00000    42.24149   37.74180    1.40078    20.31083    0.00000  1296.00000    0.83977
0  1 0 26 999   233.69326  384.14950    1.00000    42.06184   37.75369    1.01516    20.27161    0.00000  1291.00000    0.93806
0  1 0 8 999    61.62649  121.56542    1.00000    41.69509   37.14017    1.31747    20.03469    0.00000  1261.00000    0.84362
0  1 0 25 999   152.31997  380.09062    1.00000    41.63830   36.76581    1.08475    19.92316    0.00000  1247.00000    0.89463
0  1 0 15 999    64.98226  207.35484    1.00000    41.30162   36.81399    1.22789    19.86717    0.00000  1240.00000    0.85688
0  1 0 18 999    68.71217  292.19572    1.00000    40.99818   36.34811    1.18587    19.67396    0.00000  1216.00000    0.86207
0  1 0 24 999    72.85834  375.88181    1.00000    41.07162   35.74831    1.15580    19.48701    0.00000  1193.00000    0.86746
0  1 0 32 999    77.19626  458.33050    1.00000    40.98066   35.33833    1.06193    19.35590    0.00000  1177.00000    0.89402
0  1 0 33 999   156.12566  462.03954    1.00000    41.59701   36.46261    1.05155    19.03252    0.00000  1138.00000    0.86537
0  1 0 34 999   236.73145  464.81641    1.00000    42.23078   37.50172    1.01070    18.05407    0.00000  1024.00000    0.61005
0  1 0 35 999   319.05741  467.25832    1.00000    43.20977   38.30541    0.95010    16.65076    0.00000   871.00000    0.42203
