style type cam label index    x      y     p_wt	sx	sy	s_wt	rad	r_wt area ecc
0  1 0 9 999   285.51577   98.50770    1.00000    41.23793   40.68927   -1.08332    20.82922    0.00000  1363.00000    0.98754
0  1 0 19 999   285.32889  181.13704    1.00000    41.07792   40.49734   -1.13540    20.72965    0.00000  1350.00000    0.98604
0  1 0 10 999   368.42550   98.29281    1.00000    41.23490   40.34150   -1.43585    20.72197    0.00000  1349.00000    0.99398
0  1 0 14 999   202.35434   98.97702    1.00000    41.28373   40.30558   -1.38917    20.72197    0.00000  1349.00000    0.99304
0  1 0 24 999   202.36006  181.76763    1.00000    41.09086   40.43062   -1.38697    20.70660    0.00000  1347.00000    0.99425
0  1 0 13 999   119.67638   99.71375    1.00000    41.14718   40.11407   -1.20658    20.63731    0.00000  1338.00000    0.99917
0  1 0 20 999   368.18161  180.85426    1.00000    40.92041   40.29087   -1.41710    20.63731    0.00000  1338.00000    0.99553
0  1 0 23 999   119.88839  182.29064    1.00000    40.96389   40.19644   -1.46598    20.61416    0.00000  1335.00000    0.99909
0  1 0 11 999   451.09970   98.15217    1.00000    41.06736   40.07595   -1.38726    20.60644    0.00000  1334.00000    0.99494
0  1 0 29 999   285.23756  263.58597    1.00000    40.72664   40.21541   -1.11547    20.54456    0.00000  1326.00000    0.97369
0  1 0 39 999   203.28776  345.83384    1.00000    40.58273   40.13147   -1.24466    20.52906    0.00000  1324.00000    0.99178
0  1 0 25 999    37.89024  182.91006    1.00000    40.49503   39.78287    1.42641    20.43582    0.00000  1312.00000    0.98505
0  1 0 16 999    37.39558  100.54649    1.00000    40.95491   39.54734   -1.42086    20.43582    0.00000  1312.00000    0.96680
0  1 0 40 999   285.35687  345.36685    1.00000    40.34531   39.85013   -1.16760    20.36560    0.00000  1303.00000    0.97713
0  1 0 12 999   533.00692   98.28462    1.00000    40.53920   39.50605    1.56157    20.34214    0.00000  1300.00000    0.98474
0  1 0 28 999   450.09954  262.48997    1.00000    40.36507   39.58579   -1.09377    20.31083    0.00000  1296.00000    0.98416
0  1 0 30 999    38.74903  264.99225    1.00000    40.48136   39.15915    1.53924    20.27161    0.00000  1291.00000    0.95597
0  1 0 37 999   367.60342  344.67574    1.00000    40.18647   39.43120   -1.17391    20.23231    0.00000  1286.00000    0.99009
0  1 0 50 999   203.97356  426.52177    1.00000    39.97548   39.52648    0.12082    20.23231    0.00000  1286.00000    0.95732
0  1 0 15 999   613.85870   98.70336    1.00000    40.42237   39.00042   -1.53920    20.19294    0.00000  1281.00000    0.96316
0  1 0 47 999   285.66224  425.96716    1.00000    39.91379   39.56750   -0.38277    20.17717    0.00000  1279.00000    0.94835
0  1 0 38 999    40.01095  346.41080    1.00000    40.35391   39.05446    1.11974    20.16928    0.00000  1278.00000    0.99502
0  1 0 21 999   532.41236  180.37637    1.00000    40.25831   39.12372   -1.36191    20.16928    0.00000  1278.00000    0.98726
0  1 0 49 999   122.50749  426.73286    1.00000    40.01624   39.02767    0.97762    20.09814    0.00000  1269.00000    0.98766
0  1 0 18 999   613.13733  180.23678    1.00000    40.41236   38.64355   -1.46088    20.08230    0.00000  1267.00000    0.95607
0  1 0 48 999   367.32911  425.25475    1.00000    39.74911   39.14974   -0.88855    20.05851    0.00000  1264.00000    0.97303
0  1 0 17 999   693.18915   99.37031    1.00000    40.44996   38.25186   -1.53695    19.97104    0.00000  1253.00000    0.94270
0  1 0 46 999   448.61071  424.18705    1.00000    39.92768   38.60637   -0.80228    19.95509    0.00000  1251.00000    0.96627
0  1 0 22 999   692.37931  180.28067    1.00000    40.21692   38.21461   -1.40807    19.92316    0.00000  1247.00000    0.94816
0  1 0 2 999   202.58842   17.60370    1.00000    40.71694   40.04941   -0.56812    19.89918    0.00000  1244.00000    0.78484
0  1 0 1 999   119.81159   18.31159    1.00000    40.55808   39.76508   -0.54555    19.88318    0.00000  1242.00000    0.81138
0  1 0 51 999    41.70944  426.83293    1.00000    39.67216   38.40787    0.64856    19.85915    0.00000  1239.00000    0.95512
0  1 0 36 999   530.62490  343.00566    1.00000    39.59446   38.49870   -0.99951    19.84312    0.00000  1237.00000    0.98332
0  1 0 45 999   529.24919  422.95307    1.00000    39.72298   38.30586   -0.82410    19.83510    0.00000  1236.00000    0.97040
0  1 0 5 999   451.45992   17.28907    1.00000    40.39267   40.33072   -1.12239    19.82707    0.00000  1235.00000    0.78373
0  1 0 4 999   368.80162   17.29231    1.00000    40.40593   40.31148   -1.01907    19.82707    0.00000  1235.00000    0.78388
0  1 0 3 999   285.75789   17.30121    1.00000    40.59642   39.83462   -0.23327    19.82707    0.00000  1235.00000    0.77244
0  1 0 0 999    37.37013   19.13718    1.00000    40.13126   39.52585   -0.92250    19.80297    0.00000  1232.00000    0.86825
0  1 0 35 999   610.69406  341.97396    1.00000    39.77141   38.09327   -1.12740    19.77885    0.00000  1229.00000    0.98858
0  1 0 27 999   691.19478  260.76936    1.00000    39.72286   37.97526   -1.29352    19.76275    0.00000  1227.00000    0.95791
0  1 0 6 999   533.42892   17.55392    1.00000    40.11834   39.73179    1.23672    19.73857    0.00000  1224.00000    0.82021
0  1 0 7 999   614.27696   18.18954    1.00000    39.87224   39.12058    1.28559    19.73857    0.00000  1224.00000    0.88698
0  1 0 44 999   608.93021  421.54844    1.00000    39.66607   37.73851   -0.98447    19.69014    0.00000  1218.00000    0.99233
0  1 0 34 999   689.40496  340.88595    1.00000    39.75486   37.54007   -1.16395    19.62537    0.00000  1210.00000    0.96952
0  1 0 8 999   693.71524   19.01332    1.00000    39.39247   38.17346    1.32361    19.55224    0.00000  1201.00000    0.95932
0  1 0 43 999   687.20502  419.91464    1.00000    39.40806   37.24833   -1.00764    19.50334    0.00000  1195.00000    0.98307
0  1 0 31 999   367.88922  263.10778    1.00000    20.23884   19.59611   -1.30503    10.31094    0.00000   334.00000    0.99315
0  1 0 32 999   202.73273  264.12913    1.00000    20.10475   19.69597   -1.42594    10.29549    0.00000   333.00000    0.98790
0  1 0 26 999   450.62769  180.58462    1.00000    20.18796   19.24449   -1.49583    10.17107    0.00000   325.00000    0.99468
0  1 0 33 999   120.41358  264.51852    1.00000    20.00528   19.32076    1.17191    10.15541    0.00000   324.00000    0.97786
0  1 0 42 999   121.35110  346.23197    1.00000    19.58222   19.35883   -0.24374    10.07675    0.00000   319.00000    0.93531
0  1 0 41 999   449.45833  343.91346    1.00000    19.58844   19.07053   -1.16730     9.96557    0.00000   312.00000    0.94753
