style type cam label index    x      y     p_wt	sx	sy	s_wt	rad	r_wt area ecc
0  1 0 7 12   664.98983   38.68341    1.00000    44.98119   43.24289    1.27892    22.37636    0.00000  1573.00000    0.97129
0  1 0 6 22   573.78182   37.58506    1.00000    44.69204   42.67326    1.26765    22.14040    0.00000  1540.00000    0.96964
0  1 0 14 13   665.72436  131.34422    1.00000    44.37247   42.61388    1.13301    22.07561    0.00000  1531.00000    0.98185
0  1 0 5 32   484.07067   36.60133    1.00000    43.91537   42.14109    1.31126    21.85097    0.00000  1500.00000    0.96099
0  1 0 13 23   574.98666  129.49366    1.00000    43.88366   42.08166    1.12541    21.84368    0.00000  1499.00000    0.97233
0  1 0 28 15   666.88477  313.99057    1.00000    43.93749   41.72268    0.96046    21.73412    0.00000  1484.00000    0.99964
0  1 0 37 16   667.26798  403.54749    1.00000    43.77797   41.71495    0.82690    21.66077    0.00000  1474.00000    0.96267
0  1 0 4 42   395.91610   35.88063    1.00000    43.57771   41.54353    1.32005    21.60190    0.00000  1466.00000    0.95424
0  1 0 27 25   577.07045  310.73940    1.00000    43.76256   41.28044    0.93054    21.57241    0.00000  1462.00000    0.99532
0  1 0 18 34   487.15459  218.06763    1.00000    43.47013   41.06292    1.02385    21.47629    0.00000  1449.00000    0.97472
0  1 0 36 26   577.99514  399.49270    1.00000    43.51373   40.85825    0.84152    21.40205    0.00000  1439.00000    0.97640
0  1 0 3 52   309.46573   35.30769    1.00000    43.43462   40.56232    1.35336    21.33502    0.00000  1430.00000    0.91138
0  1 0 12 43   397.80491  126.03930    1.00000    43.23556   40.61829    1.23167    21.29769    0.00000  1425.00000    0.93703
0  1 0 35 36   490.26487  395.45680    1.00000    43.32825   40.24786    0.94198    21.20032    0.00000  1412.00000    0.99425
0  1 0 2 62   224.75396   34.83309    1.00000    43.14354   39.73346    1.38376    21.03451    0.00000  1390.00000    0.89279
0  1 0 25 45   401.75971  304.20144    1.00000    42.91227   39.91207    1.09131    21.03451    0.00000  1390.00000    0.95069
0  1 0 11 53   311.61255  124.56566    1.00000    43.01611   39.85587    1.33242    21.00423    0.00000  1386.00000    0.91856
0  1 0 34 46   403.95342  391.49127    1.00000    43.04501   39.33938    0.99600    20.91310    0.00000  1374.00000    0.96178
0  1 0 17 54   313.87033  213.25788    1.00000    42.64920   39.40156    1.18987    20.84450    0.00000  1365.00000    0.92004
0  1 0 10 63   227.24704  123.21006    1.00000    42.60326   39.05039    1.30261    20.74500    0.00000  1352.00000    0.88945
0  1 0 1 72   141.85949   34.43722    1.00000    42.71166   38.70513    1.39955    20.63731    0.00000  1338.00000    0.87495
0  1 0 24 55   316.46338  300.95067    1.00000    42.49932   38.84594    1.13263    20.63731    0.00000  1338.00000    0.92951
0  1 0 33 56   319.13449  387.35537    1.00000    42.29330   38.65077    0.99786    20.58326    0.00000  1331.00000    0.94896
0  1 0 9 73   144.65168  121.94284    1.00000    42.12020   38.33033    1.31068    20.43582    0.00000  1312.00000    0.87883
0  1 0 23 65   232.84574  297.72755    1.00000    42.20747   37.97152    1.15525    20.36560    0.00000  1303.00000    0.89657
0  1 0 0 82    60.81593   34.21036    1.00000    42.18775   37.75645    1.38980    20.28730    0.00000  1293.00000    0.84868
0  1 0 32 66   236.04613  383.30336    1.00000    42.06939   37.50238    1.10347    20.17717    0.00000  1279.00000    0.91380
0  1 0 8 83    63.86619  120.67063    1.00000    41.59024   37.25805    1.32219    20.05057    0.00000  1263.00000    0.84659
0  1 0 31 76   154.76731  379.26812    1.00000    41.51405   36.77081    1.09582    19.88318    0.00000  1242.00000    0.89833
0  1 0 16 84    67.37368  206.40780    1.00000    41.13679   36.70918    1.22890    19.79494    0.00000  1231.00000    0.85995
0  1 0 22 85    71.11231  291.37687    1.00000    41.11137   36.02517    1.21858    19.56038    0.00000  1202.00000    0.85942
0  1 0 30 86    75.24074  375.24074    1.00000    40.84836   35.74771    1.14468    19.44613    0.00000  1188.00000    0.87292
0  1 0 38 87    79.58029  457.83517    1.00000    40.83230   35.42895    1.07784    19.35590    0.00000  1177.00000    0.88904
0  1 0 15 33   485.63529  127.72059    1.00000    21.02215   19.37849    1.36421    10.40314    0.00000   340.00000    0.94690
0  1 0 29 35   488.66061  307.46061    1.00000    20.74646   19.07744    1.13400    10.24901    0.00000   330.00000    0.99086
0  1 0 21 44   399.63240  215.62928    1.00000    20.46478   18.68111    1.15530    10.10829    0.00000   321.00000    0.95470
0  1 0 20 64   229.83168  210.90429    1.00000    20.15438   17.92446    1.27077     9.82079    0.00000   303.00000    0.90452
0  1 0 19 74   147.59044  208.69283    1.00000    19.84759   17.44350    1.39576     9.65737    0.00000   293.00000    0.84229
0  1 0 26 75   151.01027  294.49658    1.00000    19.53223   17.52047    1.14923     9.64088    0.00000   292.00000    0.88646
