style type cam label index    x      y     p_wt	sx	sy	s_wt	rad	r_wt area ecc
0  1 1 43 999   687.78736  410.85588    1.00000     0.00000    0.00000    0.00000    23.21419    0.00000  1693.00000    0.97198
0  1 1 27 999   688.54448  322.36341    1.00000     0.00000    0.00000    0.00000    22.46155    0.00000  1585.00000    0.96049
0  1 1 2 999   694.98926   63.37903    1.00000    46.47176   42.25604   -0.69568    22.44737    0.00000  1583.00000    0.93179
0  1 1 11 999   692.09825  149.02198    1.00000    45.23171   42.38488   -0.66528    22.19066    0.00000  1547.00000    0.93260
0  1 1 20 999   689.96068  235.19987    1.00000    44.47935   42.46308   -0.67480    22.03953    0.00000  1526.00000    0.94453
0  1 1 42 999   599.36370  409.62442    1.00000     0.00000    0.00000    0.00000    21.95995    0.00000  1515.00000    0.97070
0  1 1 28 999   600.95997  322.57212    1.00000     0.00000    0.00000    0.00000    21.47629    0.00000  1449.00000    0.99862
0  1 1 41 999   514.15385  408.87972    1.00000     0.00000    0.00000    0.00000    21.33502    0.00000  1430.00000    0.94001
0  1 1 3 999   608.09972   67.47051    1.00000    43.73125   40.31388   -0.85419    21.29022    0.00000  1424.00000    0.97831
0  1 1 12 999   605.43191  151.81560    1.00000    43.25487   40.23777   -0.92541    21.18530    0.00000  1410.00000    0.99726
0  1 1 29 999   516.28715  322.85930    1.00000     0.00000    0.00000    0.00000    21.05720    0.00000  1393.00000    0.95651
0  1 1 38 999   431.14772  408.29471    1.00000     0.00000    0.00000    0.00000    20.96631    0.00000  1381.00000    0.91004
0  1 1 13 999   521.47198  154.39381    1.00000    42.44440   39.37924   -1.00078    20.77566    0.00000  1356.00000    0.97021
0  1 1 37 999   349.95309  408.07372    1.00000     0.00000    0.00000    0.00000    20.67584    0.00000  1343.00000    0.89732
0  1 1 4 999   524.40105   71.07796    1.00000    42.26241   38.95500   -0.99311    20.60644    0.00000  1334.00000    0.97709
0  1 1 21 999   436.94402  239.61725    1.00000    41.83874   38.94292   -1.11468    20.51355    0.00000  1322.00000    0.94906
0  1 1 39 999   113.45482  409.01291    1.00000     0.00000    0.00000    0.00000    20.47472    0.00000  1317.00000    0.87673
0  1 1 36 999   270.14688  408.23592    1.00000     0.00000    0.00000    0.00000    20.45139    0.00000  1314.00000    0.87577
0  1 1 30 999   353.42429  323.90930    1.00000     0.00000    0.00000    0.00000    20.34997    0.00000  1301.00000    0.92519
0  1 1 40 999   191.48732  408.42890    1.00000     0.00000    0.00000    0.00000    20.34997    0.00000  1301.00000    0.87389
0  1 1 5 999   443.03944   74.24594    1.00000    41.80864   38.11153   -1.02076    20.28730    0.00000  1293.00000    0.95665
0  1 1 31 999   274.19875  324.59468    1.00000     0.00000    0.00000    0.00000    20.16928    0.00000  1278.00000    0.90187
0  1 1 14 999   360.10630  158.95276    1.00000    41.36297   37.84279   -1.14103    20.10606    0.00000  1270.00000    0.92891
0  1 1 6 999   363.36943   77.35589    1.00000    41.34748   37.57232   -1.08861    19.99493    0.00000  1256.00000    0.94621
0  1 1 33 999    41.55911  327.46086    1.00000     0.00000    0.00000    0.00000    19.96307    0.00000  1252.00000    0.88323
0  1 1 22 999   278.00160  242.38702    1.00000    41.06074   37.42645   -1.14007    19.93115    0.00000  1248.00000    0.92237
0  1 1 32 999   195.98156  325.41700    1.00000     0.00000    0.00000    0.00000    19.92316    0.00000  1247.00000    0.90801
0  1 1 15 999   281.69719  160.89237    1.00000    41.14288   37.23355   -1.13625    19.90718    0.00000  1245.00000    0.91245
0  1 1 10 999    55.48670   86.63336    1.00000    40.95192   37.31422   -1.15978    19.87517    0.00000  1241.00000    0.91514
0  1 1 18 999    51.41505  166.16100    1.00000    41.06325   37.18740   -1.14096    19.83510    0.00000  1236.00000    0.92233
0  1 1 7 999   285.19271   80.05587    1.00000    40.89542   37.11290   -1.08418    19.82707    0.00000  1235.00000    0.92642
0  1 1 16 999   204.36916  162.77605    1.00000    40.82618   36.80164   -1.18492    19.69822    0.00000  1219.00000    0.90260
0  1 1 23 999    46.73191  246.36102    1.00000    40.88418   36.57783   -1.11764    19.67396    0.00000  1216.00000    0.90508
0  1 1 8 999   208.07585   82.58697    1.00000    40.67785   36.73774   -1.16363    19.64968    0.00000  1213.00000    0.90918
0  1 1 17 999   127.64090  164.57606    1.00000    40.35480   36.58574   -1.13935    19.56852    0.00000  1203.00000    0.90751
0  1 1 9 999   131.50208   84.62281    1.00000    40.35324   36.55037   -1.12029    19.55224    0.00000  1201.00000    0.91483
0  1 1 0 999    58.96921   12.29875    1.00000    40.79560   37.57238   -1.14735    16.70802    0.00000   877.00000    0.49154
0  1 1 1 999   134.74935   11.10052    1.00000    42.57470   36.45851   -1.20939    15.61491    0.00000   766.00000    0.43421
0  1 1 34 999   433.85030  323.24850    1.00000     0.00000    0.00000    0.00000    10.31094    0.00000   334.00000    0.92948
0  1 1 24 999   356.69565  240.96584    1.00000    20.48511   18.57724   -1.18999    10.12402    0.00000   322.00000    0.90649
0  1 1 19 999   439.85535  156.74843    1.00000    20.44333   18.57350   -1.28343    10.06094    0.00000   318.00000    0.93237
0  1 1 35 999   118.72131  326.39672    1.00000     0.00000    0.00000    0.00000     9.85315    0.00000   305.00000    0.87608
0  1 1 25 999   200.25329  243.68092    1.00000    20.06666   17.94193   -1.27287     9.83698    0.00000   304.00000    0.88827
0  1 1 26 999   123.41297  245.04096    1.00000    20.17641   17.36141   -1.25957     9.65737    0.00000   293.00000    0.87286
