style type cam label index    x      y     p_wt	sx	sy	s_wt	rad	r_wt area ecc
0  1 1 31 999   685.96125  453.00625    1.00000    45.50036   43.51727   -1.28679    22.56758    0.00000  1600.00000    0.96429
0  1 1 30 999   595.20747  448.52513    1.00000    45.07884   42.60030   -1.30191    22.22649    0.00000  1552.00000    0.94481
0  1 1 23 999   691.94232  359.91575    1.00000    44.79916   42.48376   -1.30106    22.16195    0.00000  1543.00000    0.94008
0  1 1 22 999   601.45353  356.38299    1.00000    44.35436   42.21335   -1.20267    21.97444    0.00000  1517.00000    0.95936
0  1 1 29 999   506.01121  444.08971    1.00000    44.54194   41.93225   -1.31181    21.96720    0.00000  1516.00000    0.92383
0  1 1 14 999   703.46133  176.59400    1.00000    43.87334   42.18796   -1.15347    21.85097    0.00000  1500.00000    0.97922
0  1 1 7 999   708.92867   86.59825    1.00000    43.75321   41.92528   -1.03055    21.74876    0.00000  1486.00000    0.99343
0  1 1 28 999   418.42295  439.67210    1.00000    44.09145   41.22740   -1.33627    21.65342    0.00000  1473.00000    0.91933
0  1 1 13 999   613.80544  174.64354    1.00000    43.75968   41.46858   -1.11138    21.63136    0.00000  1470.00000    0.97056
0  1 1 17 999   519.04112  262.25840    1.00000    43.77194   41.12270   -1.12017    21.55027    0.00000  1459.00000    0.95639
0  1 1 6 999   619.64014   85.44637    1.00000    43.58028   41.11780   -1.00797    21.44663    0.00000  1445.00000    0.99684
0  1 1 21 999   425.21399  349.38435    1.00000    43.58315   40.81502   -1.24450    21.43920    0.00000  1444.00000    0.92732
0  1 1 27 999   332.54342  435.29412    1.00000    43.42216   40.45302   -1.30967    21.32010    0.00000  1428.00000    0.90577
0  1 1 5 999   531.90826   84.48624    1.00000    43.14390   40.57271   -0.93809    21.23782    0.00000  1417.00000    0.99673
0  1 1 12 999   438.85969  170.99644    1.00000    43.17053   40.03602   -1.07808    21.14018    0.00000  1404.00000    0.94648
0  1 1 20 999   339.59257  345.85990    1.00000    43.19483   39.91033   -1.25616    21.10250    0.00000  1399.00000    0.91044
0  1 1 4 999   445.61067   83.57678    1.00000    42.88744   39.84939   -0.94986    21.01180    0.00000  1387.00000    0.98463
0  1 1 16 999   346.65293  257.11858    1.00000    43.06951   39.53296   -1.21349    20.98148    0.00000  1383.00000    0.90682
0  1 1 26 999   248.42255  430.89745    1.00000    43.15747   39.23549   -1.38584    20.92071    0.00000  1375.00000    0.86707
0  1 1 11 999   353.83565  169.43755    1.00000    42.90883   39.32793   -1.08907    20.87501    0.00000  1369.00000    0.93885
0  1 1 3 999   361.06190   82.84083    1.00000    42.81485   39.08362   -0.99258    20.78332    0.00000  1357.00000    0.96436
0  1 1 19 999   255.56490  342.40339    1.00000    42.98759   38.95194   -1.25934    20.77566    0.00000  1356.00000    0.89223
0  1 1 10 999   270.49924  167.89879    1.00000    42.52766   38.43644   -1.10727    20.52906    0.00000  1324.00000    0.92750
0  1 1 25 999   166.14826  426.44251    1.00000    42.55535   38.31178   -1.40797    20.51355    0.00000  1322.00000    0.85694
0  1 1 2 999   278.31887   82.27321    1.00000    42.49597   38.07073   -1.01947    20.45139    0.00000  1314.00000    0.93817
0  1 1 9 999   189.05777  166.52849    1.00000    42.10830   37.36921   -1.12058    20.19294    0.00000  1281.00000    0.88858
0  1 1 24 999    85.85714  422.17522    1.00000    41.91971   37.13905   -1.35546    20.08230    0.00000  1267.00000    0.82953
0  1 1 1 999   197.12708   81.84273    1.00000    41.85879   36.96423   -1.02865    20.01879    0.00000  1259.00000    0.92013
0  1 1 18 999    93.47082  335.76819    1.00000    41.58557   36.92293   -1.30547    19.95509    0.00000  1251.00000    0.83932
0  1 1 15 999   101.36532  250.01855    1.00000    41.54357   36.66659   -1.20976    19.86717    0.00000  1240.00000    0.85835
0  1 1 8 999   109.47755  165.19673    1.00000    41.34939   36.34772   -1.13732    19.74664    0.00000  1225.00000    0.87171
0  1 1 0 999   117.75642   81.50870    1.00000    41.34578   35.88600   -1.07053    19.60102    0.00000  1207.00000    0.89249
