style type cam label index    x      y     p_wt	sx	sy	s_wt	rad	r_wt area ecc
0  1 1 40 66   216.69434  377.12197    1.00000    41.26356   40.67179    0.97994    20.81393    0.00000  1361.00000    0.97752
0  1 1 39 56   300.32647  374.17941    1.00000    41.19337   40.75515    1.29365    20.80628    0.00000  1360.00000    0.97985
0  1 1 47 47   388.14853  454.11838    1.00000    41.03617   40.92500    0.04269    20.80628    0.00000  1360.00000    0.95630
0  1 1 38 46   384.07891  371.01549    1.00000    41.30016   40.55733    1.39557    20.77566    0.00000  1356.00000    0.99073
0  1 1 37 36   467.50295  367.76071    1.00000    41.08770   40.70425    1.38986    20.76034    0.00000  1354.00000    0.97759
0  1 1 46 37   471.75628  450.60044    1.00000    40.94570   40.68924   -1.56567    20.76034    0.00000  1354.00000    0.98822
0  1 1 41 76   133.27415  379.87370    1.00000    41.24681   40.27871    1.25191    20.69892    0.00000  1346.00000    0.99942
0  1 1 29 55   296.53606  291.05874    1.00000    40.92336   40.48011    1.19960    20.69123    0.00000  1345.00000    0.98573
0  1 1 48 57   304.33011  457.14126    1.00000    41.09986   40.43768    0.42302    20.69123    0.00000  1345.00000    0.94015
0  1 1 30 65   213.17362  294.01788    1.00000    40.84713   40.46120    1.50226    20.66814    0.00000  1342.00000    0.98856
0  1 1 45 27   554.56311  446.70500    1.00000    41.02932   40.28577   -1.47869    20.64502    0.00000  1339.00000    0.99640
0  1 1 28 45   380.00000  288.09535    1.00000    40.81883   40.13251    1.10887    20.59099    0.00000  1332.00000    0.99501
0  1 1 20 54   292.99246  208.54148    1.00000    40.69794   40.29654   -1.36584    20.54456    0.00000  1326.00000    0.97040
0  1 1 36 26   550.16981  364.16075    1.00000    40.75173   39.98920    1.20668    20.53681    0.00000  1325.00000    0.99814
0  1 1 13 53   289.70941  127.02049    1.00000    40.33578   40.20014   -0.26563    20.48249    0.00000  1318.00000    0.96781
0  1 1 42 86    50.65194  382.26961    1.00000    40.81775   39.69467   -1.53886    20.44360    0.00000  1313.00000    0.98117
0  1 1 32 85    47.71679  299.60153    1.00000    40.89309   39.57082    1.54888    20.42023    0.00000  1310.00000    0.97704
0  1 1 19 34   458.87099  202.77710    1.00000    40.57401   39.82196    0.94533    20.42023    0.00000  1310.00000    0.97375
0  1 1 35 16   631.89916  360.42170    1.00000    40.79970   39.59679    1.37649    20.41244    0.00000  1309.00000    0.98691
0  1 1 14 63   207.11306  129.78915    1.00000    40.42591   39.89730   -1.02629    20.41244    0.00000  1309.00000    0.97842
0  1 1 12 43   372.16845  124.32159    1.00000    40.45104   39.83170    0.97363    20.38903    0.00000  1306.00000    0.97183
0  1 1 44 17   636.40690  442.41303    1.00000    40.63140   39.64479    1.56757    20.38123    0.00000  1305.00000    0.99156
0  1 1 27 25   545.58557  281.73292    1.00000    40.54675   39.59829    1.27128    20.36560    0.00000  1303.00000    0.99729
0  1 1 22 84    45.37615  217.29538    1.00000    40.52410   39.60885   -1.31459    20.34214    0.00000  1300.00000    0.99530
0  1 1 16 73   124.98534  132.76080    1.00000    40.08494   39.86093   -0.86416    20.31083    0.00000  1296.00000    0.96573
0  1 1 26 15   627.12229  278.55108    1.00000    40.51466   39.34241    1.14833    20.27946    0.00000  1292.00000    0.99814
0  1 1 43 7   716.87733  438.09317    1.00000    40.73229   38.91001   -1.56513    20.24804    0.00000  1288.00000    0.94254
0  1 1 5 52   286.56450   46.60985    1.00000    39.99717   39.33102    0.36367    20.17717    0.00000  1279.00000    0.94807
0  1 1 17 83    43.45383  136.00313    1.00000    40.04994   39.33860   -1.04948    20.16928    0.00000  1278.00000    0.98173
0  1 1 4 42   368.40407   44.01644    1.00000    40.03622   39.40472    0.24208    20.16139    0.00000  1277.00000    0.92973
0  1 1 6 62   204.56539   49.44166    1.00000    39.94811   39.34607   -0.55513    20.16139    0.00000  1277.00000    0.95546
0  1 1 11 23   536.09326  119.28762    1.00000    40.30053   38.98676    0.74105    20.15350    0.00000  1276.00000    0.96138
0  1 1 7 72   122.97408   52.39120    1.00000    39.92794   39.21636   -0.72476    20.12979    0.00000  1273.00000    0.96770
0  1 1 34 6   712.25276  356.50472    1.00000    40.39786   38.79101    1.51335    20.10606    0.00000  1270.00000    0.96497
0  1 1 3 32   450.12628   41.71350    1.00000    39.88560   39.07064    0.58208    20.08230    0.00000  1267.00000    0.95589
0  1 1 25 5   707.18434  275.27057    1.00000    40.38960   38.57325    1.17340    20.05851    0.00000  1264.00000    0.97652
0  1 1 10 13   616.72271  116.91394    1.00000    40.15890   38.57880    0.87782    19.98697    0.00000  1255.00000    0.97058
0  1 1 2 22   531.15084   39.71668    1.00000    40.09934   38.45717    0.73609    19.97104    0.00000  1253.00000    0.96022
0  1 1 18 4   701.74341  194.56275    1.00000    40.28670   38.19855    1.10492    19.95509    0.00000  1251.00000    0.97167
0  1 1 8 82    42.13804   55.78331    1.00000    39.97964   38.37442   -0.71802    19.91517    0.00000  1246.00000    0.95726
0  1 1 1 12   611.17441   37.83619    1.00000    39.79191   37.93700    0.79009    19.76275    0.00000  1227.00000    0.96756
0  1 1 9 3   696.07207  114.80426    1.00000    39.91992   37.71289    0.99735    19.71437    0.00000  1221.00000    0.99850
0  1 1 0 2   690.00250   36.18265    1.00000    39.68611   37.12101    0.81627    19.53596    0.00000  1199.00000    0.97770
0  1 1 33 75   130.27576  296.78788    1.00000    20.25105   19.43850    1.35205    10.24901    0.00000   330.00000    0.99253
0  1 1 23 64   210.13333  211.46364    1.00000    19.91491   19.68006   -0.92381    10.24901    0.00000   330.00000    0.95832
0  1 1 21 44   376.08207  205.71429    1.00000    20.00509   19.65409    1.16383    10.23347    0.00000   329.00000    0.95350
0  1 1 24 74   127.26911  214.39450    1.00000    20.18253   19.32867   -1.18950    10.20232    0.00000   327.00000    0.99624
0  1 1 31 35   463.30982  284.90491    1.00000    20.19814   19.21389    1.40881    10.18671    0.00000   326.00000    0.97323
0  1 1 15 33   454.54489  121.64396    1.00000    19.84586   19.40274    1.42788    10.13973    0.00000   323.00000    0.96856
