style type cam label index    x      y     p_wt	sx	sy	s_wt	rad	r_wt area ecc
0  1 0 0 999   719.71655   61.51460    1.00000    45.56483   44.62452   -0.80225    22.87578    0.00000  1644.00000    0.97105
0  1 0 9 999   722.72727  150.70391    1.00000    44.51380   44.05733    0.90722    22.45446    0.00000  1584.00000    0.96672
0  1 0 18 999   726.32561  238.84878    1.00000    44.55467   43.15640    0.68924    22.24081    0.00000  1554.00000    0.95218
0  1 0 1 999   630.62177   65.63504    1.00000    43.60626   42.61922   -1.39054    21.90189    0.00000  1507.00000    0.98548
0  1 0 40 999   647.54588  412.24291    1.00000    44.53659   41.09828    0.84715    21.71947    0.00000  1482.00000    0.98626
0  1 0 10 999   634.13812  153.41842    1.00000    43.29354   42.11941    1.31745    21.68280    0.00000  1477.00000    0.98665
0  1 0 26 999   642.58478  326.18962    1.00000    43.54883   40.90805    0.92172    21.44663    0.00000  1445.00000    0.99611
0  1 0 2 999   544.93445   69.34310    1.00000    43.14599   40.94950    1.52975    21.36484    0.00000  1434.00000    0.92906
0  1 0 11 999   548.94448  155.79929    1.00000    42.76183   40.54414    1.38504    21.14770    0.00000  1405.00000    0.94182
0  1 0 39 999   562.72911  410.90418    1.00000    43.08712   39.72446    0.96379    21.01937    0.00000  1388.00000    0.97766
0  1 0 25 999   557.80419  326.17413    1.00000    42.65932   40.03919    1.08677    20.98907    0.00000  1384.00000    0.96755
0  1 0 3 999   461.93131   72.68980    1.00000    42.67443   39.90575    1.43539    20.98148    0.00000  1383.00000    0.90735
0  1 0 19 999   470.91822  242.44610    1.00000    41.95861   39.45690    1.20782    20.69123    0.00000  1345.00000    0.94202
0  1 0 4 999   380.86015   75.66842    1.00000    42.34322   38.70837    1.38053    20.57552    0.00000  1330.00000    0.88177
0  1 0 38 999   480.52652  409.92803    1.00000    42.25186   38.54875    1.10354    20.49803    0.00000  1320.00000    0.93653
0  1 0 12 999   385.76398  160.11188    1.00000    41.75506   38.52999    1.28912    20.38123    0.00000  1305.00000    0.91040
0  1 0 5 999   301.56394   78.37442    1.00000    41.89428   38.08920    1.35377    20.32649    0.00000  1298.00000    0.87032
0  1 0 27 999   395.53079  326.38581    1.00000    41.42861   38.12126    1.18704    20.20870    0.00000  1283.00000    0.91956
0  1 0 37 999   400.42467  409.21390    1.00000    41.52516   37.96481    1.12049    20.19294    0.00000  1281.00000    0.92701
0  1 0 8 999    69.41738   85.08536    1.00000    42.19970   37.31670    1.28001    20.16139    0.00000  1277.00000    0.85365
0  1 0 33 999    93.04088  409.14701    1.00000    41.40501   37.83355    1.26054    20.12188    0.00000  1272.00000    0.89776
0  1 0 13 999   306.82306  162.01185    1.00000    41.26648   37.70534    1.28488    20.07437    0.00000  1266.00000    0.88841
0  1 0 6 999   223.44295   80.89857    1.00000    41.60765   37.39625    1.36612    20.04263    0.00000  1262.00000    0.86291
0  1 0 20 999   311.99603  244.73847    1.00000    41.02386   37.68711    1.23971    20.01084    0.00000  1258.00000    0.90369
0  1 0 7 999   146.17013   83.11581    1.00000    41.49845   37.15205    1.31159    19.96307    0.00000  1252.00000    0.86286
0  1 0 36 999   321.96077  408.79103    1.00000    41.02537   37.35983    1.18508    19.93913    0.00000  1249.00000    0.89797
0  1 0 16 999    76.15811  167.02889    1.00000    41.32897   37.03152    1.22842    19.91517    0.00000  1246.00000    0.87101
0  1 0 29 999   317.04666  326.80531    1.00000    40.73298   37.47149    1.21554    19.89118    0.00000  1243.00000    0.90731
0  1 0 14 999   229.16963  163.85057    1.00000    40.71757   37.30966    1.27756    19.85114    0.00000  1238.00000    0.88943
0  1 0 35 999   244.84765  408.63371    1.00000    41.05427   36.99732    1.19874    19.81904    0.00000  1234.00000    0.89311
0  1 0 34 999   168.71429  408.75325    1.00000    41.06718   36.88632    1.25452    19.80297    0.00000  1232.00000    0.87349
0  1 0 15 999   152.41210  165.54456    1.00000    40.95366   36.83019    1.28180    19.73051    0.00000  1223.00000    0.88069
0  1 0 28 999   239.86732  327.33497    1.00000    40.78407   36.85724    1.21800    19.71437    0.00000  1221.00000    0.89401
0  1 0 21 999    82.37136  248.25562    1.00000    40.38644   36.50921    1.21529    19.55224    0.00000  1201.00000    0.88472
0  1 0 30 999    88.00833  328.69692    1.00000    40.64235   36.37223    1.27985    19.55224    0.00000  1201.00000    0.86755
0  1 0 17 999   466.37092  158.02671    1.00000    20.96575   19.13753    1.37530    10.35714    0.00000   337.00000    0.90953
0  1 0 31 999   475.57100  326.18127    1.00000    20.69987   18.98407    1.21576    10.26453    0.00000   331.00000    0.93059
0  1 0 22 999   390.63354  243.56832    1.00000    20.41786   18.83443    1.30649    10.12402    0.00000   322.00000    0.94529
0  1 0 23 999   234.68404  245.87296    1.00000    20.09259   18.02931    1.36605     9.88540    0.00000   307.00000    0.86048
0  1 0 24 999   158.23490  247.03356    1.00000    19.75811   17.91449    1.31429     9.73942    0.00000   298.00000    0.90618
0  1 0 32 999   163.63481  327.87031    1.00000    19.68474   17.68862    1.34760     9.65737    0.00000   293.00000    0.89647
