style type cam label index    x      y     p_wt	sx	sy	s_wt	rad	r_wt area ecc
0  1 0 0 2   715.93158   60.51813    1.00000    46.26172   45.86288   -1.30398    23.33045    0.00000  1710.00000    0.97535
0  1 0 10 3   716.79406  153.05148    1.00000    45.44371   44.94994    0.75811    22.92443    0.00000  1651.00000    0.96754
0  1 0 42 6   723.71587  422.69496    1.00000     0.00000    0.00000    0.00000    22.75021    0.00000  1626.00000    0.91009
0  1 0 1 12   623.21508   62.52040    1.00000    45.56302   43.90192    1.49056    22.69417    0.00000  1618.00000    0.96063
0  1 0 21 4   718.44245  243.89851    1.00000    46.53178   44.95945    1.22204    22.68014    0.00000  1616.00000    0.93885
0  1 0 32 5   720.88777  333.58934    1.00000     0.00000    0.00000    0.00000    22.53229    0.00000  1595.00000    0.93602
0  1 0 14 13   624.91210  153.50573    1.00000    44.50747   43.69643    1.08925    22.35501    0.00000  1570.00000    0.98336
0  1 0 2 22   533.75418   64.06242    1.00000    45.24033   42.56663    1.47549    22.24081    0.00000  1554.00000    0.92904
0  1 0 31 15   629.68098  331.19155    1.00000     0.00000    0.00000    0.00000    21.95270    0.00000  1514.00000    0.95978
0  1 0 41 16   632.85418  418.67559    1.00000     0.00000    0.00000    0.00000    21.81452    0.00000  1495.00000    0.95578
0  1 0 13 23   536.20482  153.76372    1.00000    43.90035   42.04502    1.30532    21.80722    0.00000  1494.00000    0.96389
0  1 0 3 32   446.90713   65.38493    1.00000    44.48836   41.33147    1.34813    21.74876    0.00000  1486.00000    0.91473
0  1 0 4 82    35.46694   66.55896    1.00000    45.87747   39.67872    1.05971    21.60927    0.00000  1467.00000    0.90083
0  1 0 6 42   362.12629   66.14217    1.00000    44.25298   40.48097    1.33857    21.47629    0.00000  1449.00000    0.89294
0  1 0 29 25   541.96404  329.00899    1.00000     0.00000    0.00000    0.00000    21.45405    0.00000  1446.00000    0.99728
0  1 0 40 26   545.42454  415.30042    1.00000     0.00000    0.00000    0.00000    21.24532    0.00000  1418.00000    0.97787
0  1 0 5 52   278.98441   66.63288    1.00000    43.71687   39.75289    1.30776    21.19281    0.00000  1411.00000    0.87658
0  1 0 34 86    58.61729  401.43090    1.00000     0.00000    0.00000    0.00000    21.19281    0.00000  1411.00000    0.94531
0  1 0 20 34   453.37980  241.11949    1.00000    43.31344   40.35249    1.21993    21.15523    0.00000  1406.00000    0.94267
0  1 0 12 43   366.08208  153.91078    1.00000    43.36947   39.86588    1.21435    21.11758    0.00000  1401.00000    0.91562
0  1 0 9 83    42.17813  152.12382    1.00000    43.72093   38.87236    1.05942    20.96631    0.00000  1381.00000    0.90780
0  1 0 8 62   197.04427   67.03048    1.00000    43.64091   38.95102    1.25809    20.94352    0.00000  1378.00000    0.86719
0  1 0 7 72   116.11314   67.01460    1.00000    43.50722   38.82705    1.23564    20.88264    0.00000  1370.00000    0.87034
0  1 0 39 36   460.59868  412.22744    1.00000     0.00000    0.00000    0.00000    20.82922    0.00000  1363.00000    0.98103
0  1 0 16 53   283.59985  153.72292    1.00000    43.02305   38.92471    1.25184    20.78332    0.00000  1357.00000    0.88840
0  1 0 15 63   202.33631  153.36012    1.00000    43.12087   38.60274    1.22045    20.68353    0.00000  1344.00000    0.89118
0  1 0 19 54   288.11429  239.23534    1.00000    42.03331   38.63124    1.09172    20.57552    0.00000  1330.00000    0.92661
0  1 0 25 85    53.87895  319.16992    1.00000     0.00000    0.00000    0.00000    20.57552    0.00000  1330.00000    0.92484
0  1 0 28 45   373.86329  325.05211    1.00000     0.00000    0.00000    0.00000    20.52906    0.00000  1324.00000    0.94926
0  1 0 11 73   122.10053  152.80650    1.00000    42.60960   38.28049    1.19040    20.52131    0.00000  1323.00000    0.89004
0  1 0 18 84    48.27286  236.21240    1.00000    42.79388   38.07970    1.10007    20.52131    0.00000  1323.00000    0.90113
0  1 0 38 46   377.66616  409.42468    1.00000     0.00000    0.00000    0.00000    20.50579    0.00000  1321.00000    0.94466
0  1 0 27 55   292.37490  323.41546    1.00000     0.00000    0.00000    0.00000    20.39684    0.00000  1307.00000    0.94346
0  1 0 35 76   137.27739  402.99923    1.00000     0.00000    0.00000    0.00000    20.38123    0.00000  1305.00000    0.91416
0  1 0 37 56   296.55393  406.99923    1.00000     0.00000    0.00000    0.00000    20.32649    0.00000  1298.00000    0.94085
0  1 0 26 65   212.03263  321.76845    1.00000     0.00000    0.00000    0.00000    20.24018    0.00000  1287.00000    0.92734
0  1 0 36 66   216.37880  404.91426    1.00000     0.00000    0.00000    0.00000    20.20870    0.00000  1283.00000    0.92031
0  1 0 17 33   450.00000  154.00847    1.00000    21.52382   19.73198    1.28754    10.61516    0.00000   354.00000    0.94686
0  1 0 33 35   456.85714  327.01190    1.00000     0.00000    0.00000    0.00000    10.34177    0.00000   336.00000    0.96453
0  1 0 24 44   369.86667  240.16970    1.00000    20.67347   19.01752    1.29174    10.24901    0.00000   330.00000    0.92473
0  1 0 23 64   207.30675  238.15644    1.00000    20.67103   18.69320    1.18627    10.18671    0.00000   326.00000    0.91276
0  1 0 22 74   127.54286  237.24762    1.00000    20.46595   18.28136    1.25540    10.01337    0.00000   315.00000    0.87601
0  1 0 30 75   132.73482  320.49840    1.00000     0.00000    0.00000    0.00000     9.98153    0.00000   313.00000    0.90215
