style type cam label index    x      y     p_wt	sx	sy	s_wt	rad	r_wt area ecc
0  1 1 40 66   231.74071  392.31173    1.00000    41.53920   40.70874    1.22350    20.90549    0.00000  1373.00000    0.99751
0  1 1 41 76   147.92763  395.70102    1.00000    41.33179   40.72843    1.15810    20.86739    0.00000  1368.00000    0.99713
0  1 1 31 65   227.58621  308.97579    1.00000    41.19381   40.72202    0.46153    20.82922    0.00000  1363.00000    0.96231
0  1 1 39 56   315.77916  388.88114    1.00000    41.30228   40.81838    1.40185    20.82922    0.00000  1363.00000    0.97886
0  1 1 38 46   399.78781  385.02276    1.00000    41.30567   40.69530    1.20208    20.82158    0.00000  1362.00000    0.98580
0  1 1 37 36   483.27782  380.95652    1.00000    41.30209   40.52467    1.33286    20.78332    0.00000  1357.00000    0.99755
0  1 1 29 55   311.29911  305.40251    1.00000    41.10570   40.60665    1.33436    20.76034    0.00000  1354.00000    0.98851
0  1 1 36 26   566.08793  376.76006    1.00000    41.15596   40.17385    1.47181    20.66814    0.00000  1342.00000    0.98562
0  1 1 28 45   395.14286  301.78609    1.00000    40.90651   40.28904    1.10452    20.62960    0.00000  1337.00000    0.98336
0  1 1 42 86    65.05547  398.72114    1.00000    40.91401   40.25579    1.27106    20.60644    0.00000  1334.00000    0.99203
0  1 1 14 63   220.17081  143.98721    1.00000    40.65982   40.33154    1.29431    20.56779    0.00000  1329.00000    0.97582
0  1 1 32 85    61.33358  315.60768    1.00000    40.93551   40.09192    1.23638    20.56005    0.00000  1328.00000    0.98821
0  1 1 20 54   307.00528  222.53203    1.00000    40.66764   40.37055    1.14672    20.55230    0.00000  1327.00000    0.96216
0  1 1 27 25   560.97134  294.31976    1.00000    40.93821   39.91176    1.08651    20.54456    0.00000  1326.00000    0.99483
0  1 1 19 34   473.28959  215.72398    1.00000    40.96243   39.99081    1.11767    20.54456    0.00000  1326.00000    0.98425
0  1 1 22 84    58.19257  232.97043    1.00000    40.74192   39.87084   -1.51043    20.49026    0.00000  1319.00000    0.98802
0  1 1 13 53   302.98254  140.61807    1.00000    40.46508   40.15368    0.21327    20.47472    0.00000  1317.00000    0.94878
0  1 1 16 73   137.58099  147.51787    1.00000    40.68121   40.02074   -1.10464    20.45917    0.00000  1315.00000    0.96945
0  1 1 35 16   647.67429  372.39893    1.00000    40.90262   39.52581    1.37807    20.42803    0.00000  1311.00000    0.97601
0  1 1 43 17   652.86707  454.57601    1.00000    40.85066   39.61627   -1.53141    20.41244    0.00000  1309.00000    0.98746
0  1 1 12 43   385.97856  137.36371    1.00000    40.39411   39.86804    0.65209    20.38903    0.00000  1306.00000    0.95641
0  1 1 44 999   571.09188  458.89587    1.00000    41.04420   40.22609    1.54238    20.38903    0.00000  1306.00000    0.92198
0  1 1 5 52   299.12923   59.79000    1.00000    40.25476   39.80247   -0.14665    20.34214    0.00000  1300.00000    0.94530
0  1 1 6 62   216.89722   63.21406    1.00000    40.08269   39.88120   -0.56773    20.29515    0.00000  1294.00000    0.95279
0  1 1 26 15   642.38099  290.37635    1.00000    40.76468   39.24026    1.35436    20.29515    0.00000  1294.00000    0.98231
0  1 1 17 83    55.60789  151.24671    1.00000    40.31944   39.56735   -1.02852    20.28730    0.00000  1293.00000    0.97997
0  1 1 11 23   550.08999  131.38247    1.00000    40.54315   39.14199    0.85413    20.25590    0.00000  1289.00000    0.97693
0  1 1 4 42   381.31931   56.77882    1.00000    40.33526   39.21181    0.47261    20.21657    0.00000  1284.00000    0.93618
0  1 1 7 72   134.83931   66.79875    1.00000    39.97742   39.50568   -0.54651    20.20082    0.00000  1282.00000    0.95608
0  1 1 3 32   463.23966   53.98361    1.00000    40.41005   39.22737    0.66000    20.19294    0.00000  1281.00000    0.93546
0  1 1 34 6   728.00235  367.94918    1.00000    40.45893   38.88128    1.51098    20.17717    0.00000  1279.00000    0.95464
0  1 1 25 5   722.38692  286.49488    1.00000    40.40224   38.68688    1.24143    20.09814    0.00000  1269.00000    0.97006
0  1 1 8 82    53.50316   70.57278    1.00000    39.92433   38.90124   -0.84837    20.05851    0.00000  1264.00000    0.98266
0  1 1 10 13   630.67880  128.38370    1.00000    40.11644   38.72597    0.90878    20.05851    0.00000  1264.00000    0.98942
0  1 1 18 4   716.37580  205.59236    1.00000    40.19497   38.43378    1.09327    19.99493    0.00000  1256.00000    0.98046
0  1 1 2 22   544.45896   51.40080    1.00000    40.07211   38.51415    0.80224    19.98697    0.00000  1255.00000    0.97306
0  1 1 1 12   624.47411   48.99110    1.00000    40.19300   37.82626    0.73496    19.83510    0.00000  1236.00000    0.95682
0  1 1 9 3   710.07636  125.63444    1.00000    40.07427   37.75305    1.02168    19.79494    0.00000  1231.00000    0.97769
0  1 1 0 2   703.32007   46.87977    1.00000    39.72532   37.34482    0.94812    19.59290    0.00000  1206.00000    0.99763
0  1 1 45 999   488.20704  461.87678    1.00000    40.86090   40.59158   -0.97278    19.48701    0.00000  1193.00000    0.69113
0  1 1 46 999   404.49057  464.17264    1.00000    41.13934   40.67289    0.42644    18.36868    0.00000  1060.00000    0.51991
0  1 1 23 64   223.77246  226.05389    1.00000    20.19253   19.67120   -1.37862    10.31094    0.00000   334.00000    0.99645
0  1 1 33 75   144.18263  312.27844    1.00000    20.08672   19.77344   -1.04501    10.31094    0.00000   334.00000    0.97225
0  1 1 24 74   140.58485  229.42121    1.00000    20.20591   19.52373    1.55482    10.24901    0.00000   330.00000    0.98723
0  1 1 30 35   478.40000  298.10909    1.00000    20.26578   19.38442   -1.54996    10.24901    0.00000   330.00000    0.97694
0  1 1 21 44   390.48598  219.05607    1.00000    19.73334   19.43324    1.44404    10.10829    0.00000   321.00000    0.95942
0  1 1 15 33   468.34688  134.20000    1.00000    19.82382   19.25432    1.45407    10.09253    0.00000   320.00000    0.98047
