style type cam label index    x      y     p_wt	sx	sy	s_wt	rad	r_wt area ecc
0  1 0 8 1   695.90909   47.42662    1.00000    45.15049   42.30088    1.36844    22.14040    0.00000  1540.00000    0.93475
0  1 0 17 2   692.62467  137.36483    1.00000    44.65968   42.25687    1.34925    22.02508    0.00000  1524.00000    0.94793
0  1 0 26 3   688.80596  226.82649    1.00000    44.23810   42.08570    1.32305    21.92368    0.00000  1510.00000    0.94237
0  1 0 7 11   608.95806   42.00799    1.00000    44.29286   41.88211    1.32687    21.86553    0.00000  1502.00000    0.93989
0  1 0 16 12   605.99000  131.34200    1.00000    44.27816   41.83828    1.32243    21.85097    0.00000  1500.00000    0.93909
0  1 0 25 13   602.51537  220.42580    1.00000    44.65294   41.47222    1.32700    21.82181    0.00000  1496.00000    0.92096
0  1 0 33 4   684.53862  315.72801    1.00000    44.08709   41.74198    1.34356    21.77070    0.00000  1489.00000    0.94420
0  1 0 6 21   522.84963   36.83614    1.00000    44.04117   41.60397    1.34790    21.72679    0.00000  1483.00000    0.93810
0  1 0 15 22   519.97566  125.52400    1.00000    43.95468   41.45791    1.26965    21.69747    0.00000  1479.00000    0.93401
0  1 0 42 5   679.90755  403.54317    1.00000    43.57731   41.61007    1.24753    21.63871    0.00000  1471.00000    0.95658
0  1 0 23 23   516.86308  213.99319    1.00000    43.92885   41.31065    1.28803    21.61664    0.00000  1468.00000    0.93940
0  1 0 14 32   435.24066  120.08160    1.00000    43.80947   40.80489    1.36873    21.45405    0.00000  1446.00000    0.91772
0  1 0 5 31   437.83784   32.19404    1.00000    43.65785   40.79838    1.40365    21.43178    0.00000  1443.00000    0.91484
0  1 0 41 15   594.51803  396.12483    1.00000    43.42184   41.01815    1.22811    21.42435    0.00000  1442.00000    0.95323
0  1 0 31 34   429.54290  294.89592    1.00000    43.45432   40.34516    1.22849    21.27526    0.00000  1422.00000    0.92256
0  1 0 39 25   510.01558  388.60127    1.00000    43.33320   40.28264    1.17955    21.20032    0.00000  1412.00000    0.94364
0  1 0 13 42   351.89087  114.92154    1.00000    43.23146   39.98722    1.38460    21.12511    0.00000  1402.00000    0.89817
0  1 0 4 41   354.32403   27.91130    1.00000    43.22852   39.90701    1.46077    21.09496    0.00000  1398.00000    0.89230
0  1 0 22 43   349.34124  201.79095    1.00000    43.25582   39.69444    1.32457    21.04964    0.00000  1392.00000    0.89459
0  1 0 12 52   270.30133  109.95864    1.00000    42.66410   39.03610    1.41494    20.76034    0.00000  1354.00000    0.87177
0  1 0 38 45   344.46766  373.30037    1.00000    42.50199   38.98923    1.20747    20.69123    0.00000  1345.00000    0.91213
0  1 0 21 53   267.98202  195.84270    1.00000    42.44175   38.71218    1.37013    20.61416    0.00000  1335.00000    0.87396
0  1 0 29 54   265.99772  281.14449    1.00000    42.38093   38.17761    1.30999    20.45917    0.00000  1315.00000    0.86444
0  1 0 47 46   342.11001  457.15737    1.00000    42.01155   38.41679    1.10125    20.41244    0.00000  1309.00000    0.93707
0  1 0 37 55   264.07680  365.46160    1.00000    42.24387   37.93721    1.23666    20.35779    0.00000  1302.00000    0.87778
0  1 0 11 62   190.75135  105.37761    1.00000    42.06892   37.87573    1.43920    20.30299    0.00000  1295.00000    0.84839
0  1 0 20 63   188.83553  190.20093    1.00000    41.97078   37.77731    1.33153    20.25590    0.00000  1289.00000    0.86010
0  1 0 46 56   262.23101  448.71282    1.00000    41.71077   37.29485    1.14008    20.05851    0.00000  1264.00000    0.89708
0  1 0 35 65   185.69126  357.83400    1.00000    41.63219   36.85669    1.26684    19.92316    0.00000  1247.00000    0.85299
0  1 0 9 82    38.48749   96.65133    1.00000    41.55307   36.58364    1.46338    19.85915    0.00000  1239.00000    0.80432
0  1 0 10 72   113.42037  100.86257    1.00000    41.43255   36.78033    1.44384    19.84312    0.00000  1237.00000    0.83351
0  1 0 19 73   111.90472  184.60586    1.00000    41.36046   36.46005    1.38618    19.77080    0.00000  1228.00000    0.81887
0  1 0 45 66   184.52980  439.99755    1.00000    41.26600   36.44587    1.17101    19.74664    0.00000  1225.00000    0.86929
0  1 0 18 83    37.09810  179.19951    1.00000    41.33805   36.00450    1.40514    19.64968    0.00000  1213.00000    0.79623
0  1 0 43 86    35.20396  422.73906    1.00000    41.70486   35.64305    1.16985    19.63347    0.00000  1211.00000    0.83201
0  1 0 27 84    36.17290  261.15461    1.00000    41.48053   35.66394    1.31799    19.56852    0.00000  1203.00000    0.80017
0  1 0 34 85    35.56040  342.40101    1.00000    41.39451   35.34610    1.26897    19.47884    0.00000  1192.00000    0.80002
0  1 0 44 76   108.85787  431.40271    1.00000    40.96363   35.46495    1.16894    19.39697    0.00000  1182.00000    0.85381
0  1 0 24 33   432.39385  207.76536    1.00000    21.82867   19.69022    1.36690    10.67497    0.00000   358.00000    0.91227
0  1 0 32 44   346.73761  287.93586    1.00000    21.20030   19.33059    1.43520    10.44894    0.00000   343.00000    0.90999
0  1 0 40 35   426.45322  381.00877    1.00000    21.14583   19.24671    1.22803    10.43369    0.00000   342.00000    0.92348
0  1 0 30 64   187.07120  274.36893    1.00000    20.33673   18.05538    1.37380     9.91755    0.00000   309.00000    0.86892
0  1 0 28 74   110.50338  267.76351    1.00000    20.22952   17.37569    1.37781     9.70668    0.00000   296.00000    0.82507
0  1 0 36 75   109.50172  350.16838    1.00000    19.96314   17.26614    1.32634     9.62435    0.00000   291.00000    0.83817
