style type cam label index    x      y     p_wt	sx	sy	s_wt	rad	r_wt area ecc
0  1 0 37 16   688.12181  450.22871    1.00000    45.54162   43.61675   -1.26063    22.63097    0.00000  1609.00000    0.95814
0  1 0 36 26   597.39846  446.21397    1.00000    44.92282   42.89776   -1.27553    22.29084    0.00000  1561.00000    0.95511
0  1 0 28 15   693.77699  357.23723    1.00000    44.83889   42.56298   -1.19238    22.19066    0.00000  1547.00000    0.95371
0  1 0 27 25   603.23688  354.03150    1.00000    44.47921   42.20479   -1.23337    22.02508    0.00000  1524.00000    0.94315
0  1 0 35 36   508.03219  442.18922    1.00000    44.57278   42.08584   -1.29659    22.01063    0.00000  1522.00000    0.93119
0  1 0 7 12   709.64133   83.97800    1.00000    43.99807   42.10850   -0.85326    21.85097    0.00000  1500.00000    0.97871
0  1 0 14 13   704.59987  174.01475    1.00000    43.92699   42.00662   -1.06275    21.79262    0.00000  1492.00000    0.99322
0  1 0 13 23   614.93678  172.43576    1.00000    43.70546   41.53987   -1.07944    21.63871    0.00000  1471.00000    0.97760
0  1 0 34 46   420.47859  438.24405    1.00000    44.23508   41.10668   -1.32254    21.63871    0.00000  1471.00000    0.91704
0  1 0 18 34   520.53589  260.42174    1.00000    43.98497   41.02603   -1.16021    21.57979    0.00000  1463.00000    0.94080
0  1 0 6 22   620.43162   83.30515    1.00000    43.78919   41.11066   -1.02279    21.52071    0.00000  1455.00000    0.98781
0  1 0 25 45   426.94882  347.84578    1.00000    43.87061   40.70655   -1.23665    21.45405    0.00000  1446.00000    0.92484
0  1 0 33 56   334.51117  434.17668    1.00000    43.49776   40.57227   -1.30871    21.34994    0.00000  1432.00000    0.91426
0  1 0 5 32   532.65469   82.60324    1.00000    43.17739   40.63012   -1.01238    21.25281    0.00000  1419.00000    0.98970
0  1 0 24 55   341.17342  344.76119    1.00000    43.50244   39.92123   -1.25629    21.16275    0.00000  1407.00000    0.90648
0  1 0 12 43   439.97067  169.56938    1.00000    43.26174   40.01069   -1.12759    21.09496    0.00000  1398.00000    0.95522
0  1 0 3 42   446.46772   82.24390    1.00000    43.13235   39.89273   -0.95474    21.06476    0.00000  1394.00000    0.98626
0  1 0 17 54   348.01656  256.01800    1.00000    43.15038   39.60675   -1.14840    21.02695    0.00000  1389.00000    0.91813
0  1 0 32 66   250.34663  430.07469    1.00000    43.07697   39.42040   -1.36471    20.95112    0.00000  1379.00000    0.87925
0  1 0 11 53   354.94756  168.31828    1.00000    42.97166   39.43927   -1.08949    20.90549    0.00000  1373.00000    0.94518
0  1 0 23 65   257.31424  341.73568    1.00000    43.00205   38.99281   -1.29468    20.82158    0.00000  1362.00000    0.87571
0  1 0 2 52   361.84536   81.73417    1.00000    42.76252   39.12596   -0.98311    20.79098    0.00000  1358.00000    0.96643
0  1 0 10 63   271.57380  167.15512    1.00000    42.49807   38.50750   -1.10184    20.56005    0.00000  1328.00000    0.92448
0  1 0 31 76   168.03238  426.06024    1.00000    42.56350   38.35924   -1.40083    20.56005    0.00000  1328.00000    0.84884
0  1 0 1 62   279.01738   81.58503    1.00000    42.37078   38.37634   -1.00385    20.52131    0.00000  1323.00000    0.94435
0  1 0 9 73   190.10313  166.08281    1.00000    41.96509   37.55119   -1.13088    20.18506    0.00000  1280.00000    0.90248
0  1 0 30 86    87.64544  422.13050    1.00000    42.10766   37.21323   -1.38359    20.12188    0.00000  1272.00000    0.83051
0  1 0 0 72   197.88407   81.38249    1.00000    42.18786   37.15019   -1.07303    20.09022    0.00000  1268.00000    0.92091
0  1 0 22 85    95.09278  335.67328    1.00000    41.77128   37.04326   -1.29940    20.03469    0.00000  1261.00000    0.83728
0  1 0 16 84   102.59903  249.97021    1.00000    41.60228   36.71282   -1.21765    19.88318    0.00000  1242.00000    0.85996
0  1 0 8 83   110.45972  165.19528    1.00000    41.47790   36.35956   -1.14774    19.77885    0.00000  1229.00000    0.86555
0  1 0 4 82   118.46514   81.40525    1.00000    41.60532   36.12969   -1.09426    19.69822    0.00000  1219.00000    0.89379
0  1 0 29 35   514.26724  350.90230    1.00000    21.20082   19.59210   -1.32466    10.52482    0.00000   348.00000    0.93648
0  1 0 21 44   433.42687  258.11642    1.00000    20.76369   19.14859   -1.25686    10.32636    0.00000   335.00000    0.92875
0  1 0 15 33   526.58084  170.91317    1.00000    20.71821   19.14817   -1.24487    10.31094    0.00000   334.00000    0.93792
0  1 0 20 64   264.24127  253.86667    1.00000    20.64202   18.05979   -1.20848    10.01337    0.00000   315.00000    0.86792
0  1 0 26 75   175.08553  338.64474    1.00000    19.99946   17.96041   -1.28311     9.83698    0.00000   304.00000    0.88366
0  1 0 19 74   182.36667  251.80333    1.00000    20.10238   17.67742   -1.23812     9.77205    0.00000   300.00000    0.87251
